dataset=YahooAnswer
model=KMeans
K=50
seed=42
TD=0.305333
Purity=0.284000
NMI=0.100017
