dataset=IMDB
model=KMeans
K=50
seed=42
TD=0.105333
Purity=0.614160
NMI=0.023172
