dataset=IMDB
model=KMeans
K=20
seed=42
TD=0.140000
Purity=0.578360
NMI=0.014317
