Dataset: 20NG
K: 100
TD: 0.41025641025641024
Purity: 0.18826232985681457
NMI: 0.2544505531907075