Dataset: 20NG
K: 50
TD: 0.4864864864864865
Purity: 0.1680219197454481
NMI: 0.25892879715010675