dataset=20NG
model=KMeans
K=100
seed=42
TD=0.296667
Purity=0.401096
NMI=0.316406
