Dataset: AGNews
K: 50
TD: 0.4594594594594595
Purity: 0.6579
NMI: 0.2880636864028493