Dataset: YahooAnswer
K: 50
TD: 0.3939393939393939
Purity: 0.2857
NMI: 0.13763810319315048