Dataset: YahooAnswer
K: 100
TD: 0.3333333333333333
Purity: 0.348
NMI: 0.16052463143472065