Dataset: IMDB
K: 100
TD: 0.38571428571428573
Purity: 0.6828
NMI: 0.06537803950560965