Dataset: IMDB
K: 50
TD: 0.3064516129032258
Purity: 0.68388
NMI: 0.0758131740384855