dataset=AGNews
model=KMeans
K=20
seed=42
TD=0.526667
Purity=0.522100
NMI=0.168024
